1475402340 33.5 11.8 1430 0 0
1475858880 4.4 14.6 233 0 0
1476535380 27.0 12.1 1772 0 0
1476952620 4.5 12.8 259 1 0
1476981540 7.4 11.6 446 1 0
1477820100 32.5 10.1 1787 0 0
1478017200 5.0 5.2 88 1 2
1478162280 5.0 10.2 294 1 0
1478193300 4.8 11.8 97 1 0
1478338380 5.3 12.3 224 0 0
1478362800 5.1 11.1 125 0 0
1478795640 4.4 13.5 243 1 0
1478800860 4.6 11.7 132 1 0
1479115920 4.6 11.1 293 1 0
1479145500 4.7 12.8 91 1 0
1479202500 1.3 11.1 0 0 0
1479224580 5.0 12.5 380 0 0
1480325820 5.3 10.9 342 1 0
1480368660 4.4 15.2 107 1 0
1480764000 8.8 12.8 268 0 0
1484986740 23.3 13.8 529 0 0
1485002100 23.6 12.8 438 0 0
1485600600 2.0 5.7 136 0 3
1485608220 3.3 8.2 195 0 3
1485613680 2.4 6.7 60 0 3
1485687540 3.9 6.6 243 0 3
1488366660 7.6 3.3 364 0 3
1490436600 31.6 13.2 1087 0 0
1491056820 13.2 13.5 986 0 0
1491727740 23.1 12.5 2151 0 0
1495010280 4.9 11.1 258 1 0
1495038720 9.4 13.5 167 1 0
1495052940 6.9 13.3 89 1 0
1495737660 8.1 10.0 188 0 0
1496068260 23.4 12.7 1154 0 0
1496341020 9.6 11.8 660 0 0
1496484480 15.9 14.5 775 0 0
1496498700 15.5 14.6 480 0 0
1497986820 9.2 11.2 270 0 0
1499507220 32.0 13.8 1903 0 0
1499604360 11.4 8.9 330 0 1
1499673480 4.6 10.9 333 1 0
1499703900 4.5 12.5 127 1 0
1499847300 4.5 12.1 288 1 0
1499876340 25.6 12.7 2031 1 0
1500401280 6.7 11.1 212 0 0
1500411000 6.1 12.1 109 0 0
1500923940 9.2 15.4 583 0 0
1501341540 3.8 12.4 242 0 0
1501345380 4.6 11.3 121 0 0
1501410480 1.7 9.1 80 0 0
1501416060 35.3 11.9 2164 0 0
1502095080 4.6 11.2 325 1 0
1502121480 4.5 13.3 136 1 0
1502128980 5.1 10.5 288 1 0
1502378580 1.8 11.7 84 1 0
1502558400 12.8 10.5 1249 0 0
1502648460 3.7 10.3 324 0 0
1502701200 3.9 9.2 347 0 0
1502819520 1.7 10.4 38 0 1
1505548560 5.5 7.1 161 0 1
1505719380 4.5 10.3 301 1 1
1505738040 3.5 9.8 84 1 1
1505741940 9.0 6.8 206 0 1
1506065940 2.5 10.2 51 0 1
1506075780 5.7 8.3 314 1 1
1506094560 8.1 8.3 156 1 1
1506674760 8.0 10.0 379 1 1
1506696120 4.6 11.4 136 1 1
1507224900 9.3 11.0 764 0 4
1507368780 4.5 13.6 301 0 4
1507808400 12.5 14.7 380 0 4
1507815960 40.8 12.6 2846 0 4
1509884040 30.7 12.6 1340 0 4
1510713360 11.7 9.1 410 0 5
1510795260 3.6 8.8 197 1 5
1510887600 4.6 7.8 110 0 5
1510893780 1.5 8.3 49 1 5
1510980180 1.5 8.1 68 1 5
1511010180 10.7 8.0 425 0 5
1511066400 1.4 8.6 52 1 5
1511148060 4.5 9.7 159 0 5
1511153100 1.3 8.4 61 1 5
1511217600 8.6 9.8 305 0 5
1511239020 1.4 8.6 44 1 5
1511310120 7.3 6.4 168 0 5
1512204060 2.9 7.8 73 0 1
1513155660 2.0 13.7 49 0 4
1513182240 6.9 9.0 115 0 4
1514545680 8.0 9.0 144 0 4
1516272600 2.9 9.7 109 0 4
1519727580 6.4 4.5 159 0 3
1521889080 4.0 10.1 80 0 4
1521997020 8.1 12.6 559 0 4
1522313040 12.8 12.2 1065 0 4
1522411800 19.1 12.3 1324 0 4
1522420800 15.7 12.4 766 0 4
1522598400 12.1 10.6 666 0 4
1522838760 20.6 8.0 1251 0 4
1523124060 2.2 10.7 78 0 2
1524731460 2.2 10.4 79 0 2
1525158240 12.7 13.6 380 0 4
1525164540 13.2 13.6 389 0 4
1526287020 13.3 15.1 458 0 4
1526294820 10.1 12.7 552 1 4
1526314380 5.4 13.4 86 1 4
1526660820 11.7 14.7 434 0 4
1526719980 28.6 13.4 1429 0 4
1527105300 4.0 12.6 278 0 4
1527147180 6.6 13.3 297 1 4
1527263940 5.4 13.8 86 1 4
1527498780 4.2 9.0 68 0 1
1528392060 13.4 12.4 440 0 4
1528404060 2.6 10.4 65 0 4
1528544820 2.7 14.2 86 0 4
1528551300 3.0 15.4 152 0 4
1528560240 4.1 14.3 280 0 4
1529442720 5.1 13.4 116 0 4
1529480400 5.1 11.0 74 0 4
1530170160 5.6 14.3 324 1 4
1530198660 5.5 12.8 86 1 4
1530296520 5.1 11.3 113 0 1
1530733500 8.4 13.9 446 0 4
1531209720 5.0 10.2 99 0 1
1532164440 15.4 13.0 1235 0 4
1532589060 1.0 9.6 16 1 1
1532622120 3.3 9.1 78 1 1
